lgbm_l1: 2.4449594264169215e-07
lgbm_l2: 6.358631828751335e-05
lgbm_leaves: 114
lgbm_lr: 0.08574060015361477
tcn_filters: 35
tcn_kernel: 3
tcn_lr: 0.0009607729040943123
